0
0.001996008
0.003992016
0.005988024
0.007984032
0.00998004
0.011976048
0.013972056
0.015968064
0.017964072
0.01996008
0.021956088
0.023952096
0.025948104
0.027944112
0.02994012
0.031936128
0.033932136
0.035928144
0.037924152
0.03992016
0.041916168
0.043912176
0.045908184
0.047904192
0.0499002
0.051896208
0.053892216
0.055888224
0.057884232
0.05988024
0.061876248
0.063872255
0.065868263
0.067864271
0.069860279
0.071856287
0.073852295
0.075848303
0.077844311
0.079840319
0.081836327
0.083832335
0.085828343
0.087824351
0.089820359
0.091816367
0.093812375
0.095808383
0.097804391
0.099800399
0.101796407
0.103792415
0.105788423
0.107784431
0.109780439
0.111776447
0.113772455
0.115768463
0.117764471
0.119760479
0.121756487
0.123752495
0.125748503
0.127744511
0.129740519
0.131736527
0.133732535
0.135728543
0.137724551
0.139720559
0.141716567
0.143712575
0.145708583
0.147704591
0.149700599
0.151696607
0.153692615
0.155688623
0.157684631
0.159680639
0.161676647
0.163672655
0.165668663
0.167664671
0.169660679
0.171656687
0.173652695
0.175648703
0.177644711
0.179640719
0.181636727
0.183632735
0.185628743
0.18762475
0.189620758
0.191616766
0.193612774
0.195608782
0.19760479
0.199600798
0.201596806
0.203592814
0.205588822
0.20758483
0.209580838
0.211576846
0.213572854
0.215568862
0.21756487
0.219560878
0.221556886
0.223552894
0.225548902
0.22754491
0.229540918
0.231536926
0.233532934
0.235528942
0.23752495
0.239520958
0.241516966
0.243512974
0.245508982
0.24750499
0.249500998
0.251497006
0.253493014
0.255489022
0.25748503
0.259481038
0.261477046
0.263473054
0.265469062
0.26746507
0.269461078
0.271457086
0.273453094
0.275449102
0.27744511
0.279441118
0.281437126
0.283433134
0.285429142
0.28742515
0.289421158
0.291417166
0.293413174
0.295409182
0.29740519
0.299401198
0.301397206
0.303393214
0.305389222
0.30738523
0.309381238
0.311377246
0.313373253
0.315369261
0.317365269
0.319361277
0.321357285
0.323353293
0.325349301
0.327345309
0.329341317
0.331337325
0.333333333
0.335329341
0.337325349
0.339321357
0.341317365
0.343313373
0.345309381
0.347305389
0.349301397
0.351297405
0.353293413
0.355289421
0.357285429
0.359281437
0.361277445
0.363273453
0.365269461
0.367265469
0.369261477
0.371257485
0.373253493
0.375249501
0.377245509
0.379241517
0.381237525
0.383233533
0.385229541
0.387225549
0.389221557
0.391217565
0.393213573
0.395209581
0.397205589
0.399201597
0.401197605
0.403193613
0.405189621
0.407185629
0.409181637
0.411177645
0.413173653
0.415169661
0.417165669
0.419161677
0.421157685
0.423153693
0.425149701
0.427145709
0.429141717
0.431137725
0.433133733
0.435129741
0.437125749
0.439121756
0.441117764
0.443113772
0.44510978
0.447105788
0.449101796
0.451097804
0.453093812
0.45508982
0.457085828
0.459081836
0.461077844
0.463073852
0.46506986
0.467065868
0.469061876
0.471057884
0.473053892
0.4750499
0.477045908
0.479041916
0.481037924
0.483033932
0.48502994
0.487025948
0.489021956
0.491017964
0.493013972
0.49500998
0.497005988
0.499001996
0.500998004
0.502994012
0.50499002
0.506986028
0.508982036
0.510978044
0.512974052
0.51497006
0.516966068
0.518962076
0.520958084
0.522954092
0.5249501
0.526946108
0.528942116
0.530938124
0.532934132
0.53493014
0.536926148
0.538922156
0.540918164
0.542914172
0.54491018
0.546906188
0.548902196
0.550898204
0.552894212
0.55489022
0.556886228
0.558882236
0.560878244
0.562874251
0.564870259
0.566866267
0.568862275
0.570858283
0.572854291
0.574850299
0.576846307
0.578842315
0.580838323
0.582834331
0.584830339
0.586826347
0.588822355
0.590818363
0.592814371
0.594810379
0.596806387
0.598802395
0.600798403
0.602794411
0.604790419
0.606786427
0.608782435
0.610778443
0.612774451
0.614770459
0.616766467
0.618762475
0.620758483
0.622754491
0.624750499
0.626746507
0.628742515
0.630738523
0.632734531
0.634730539
0.636726547
0.638722555
0.640718563
0.642714571
0.644710579
0.646706587
0.648702595
0.650698603
0.652694611
0.654690619
0.656686627
0.658682635
0.660678643
0.662674651
0.664670659
0.666666667
0.668662675
0.670658683
0.672654691
0.674650699
0.676646707
0.678642715
0.680638723
0.682634731
0.684630739
0.686626747
0.688622754
0.690618762
0.69261477
0.694610778
0.696606786
0.698602794
0.700598802
0.70259481
0.704590818
0.706586826
0.708582834
0.710578842
0.71257485
0.714570858
0.716566866
0.718562874
0.720558882
0.72255489
0.724550898
0.726546906
0.728542914
0.730538922
0.73253493
0.734530938
0.736526946
0.738522954
0.740518962
0.74251497
0.744510978
0.746506986
0.748502994
0.750499002
0.75249501
0.754491018
0.756487026
0.758483034
0.760479042
0.76247505
0.764471058
0.766467066
0.768463074
0.770459082
0.77245509
0.774451098
0.776447106
0.778443114
0.780439122
0.78243513
0.784431138
0.786427146
0.788423154
0.790419162
0.79241517
0.794411178
0.796407186
0.798403194
0.800399202
0.80239521
0.804391218
0.806387226
0.808383234
0.810379242
0.81237525
0.814371257
0.816367265
0.818363273
0.820359281
0.822355289
0.824351297
0.826347305
0.828343313
0.830339321
0.832335329
0.834331337
0.836327345
0.838323353
0.840319361
0.842315369
0.844311377
0.846307385
0.848303393
0.850299401
0.852295409
0.854291417
0.856287425
0.858283433
0.860279441
0.862275449
0.864271457
0.866267465
0.868263473
0.870259481
0.872255489
0.874251497
0.876247505
0.878243513
0.880239521
0.882235529
0.884231537
0.886227545
0.888223553
0.890219561
0.892215569
0.894211577
0.896207585
0.898203593
0.900199601
0.902195609
0.904191617
0.906187625
0.908183633
0.910179641
0.912175649
0.914171657
0.916167665
0.918163673
0.920159681
0.922155689
0.924151697
0.926147705
0.928143713
0.930139721
0.932135729
0.934131737
0.936127745
0.938123752
0.94011976
0.942115768
0.944111776
0.946107784
0.948103792
0.9500998
0.952095808
0.954091816
0.956087824
0.958083832
0.96007984
0.962075848
0.964071856
0.966067864
0.968063872
0.97005988
0.972055888
0.974051896
0.976047904
0.978043912
0.98003992
0.982035928
0.984031936
0.986027944
0.988023952
0.99001996
0.992015968
0.994011976
0.996007984
