0
0.257775072
0.337790774
0.399307863
0.451763686
0.498638175
0.541661112
0.581836603
0.619807
0.656011762
0.690766743
0.724307725
0.756816075
0.788434752
0.819278745
0.849442137
0.879003039
0.908027125
0.936570227
0.964680272
0.99239876
1.019761908
1.04680154
1.073545799
1.100019719
1.126245682
1.152243798
1.178032217
1.203627387
1.229044272
1.254296534
1.279396688
1.304356234
1.329185773
1.353895099
1.378493292
1.402988784
1.427389427
1.45170255
1.475935005
1.500093216
1.524183212
1.548210667
1.572180926
1.596099036
1.61996977
1.643797646
1.667586951
1.691341757
1.715065938
1.738763183
1.762437013
1.786090788
1.809727724
1.833350898
1.856963262
1.880567647
1.904166773
1.927763259
1.951359624
1.974958296
1.998561621
2.022171861
2.045791206
2.069421773
2.093065613
2.116724716
2.140401011
2.164096373
2.187812625
2.211551538
2.23531484
2.259104211
2.282921293
2.306767686
2.330644953
2.354554625
2.378498195
2.402477127
2.426492855
2.450546785
2.474640295
2.498774738
2.522951445
2.54717172
2.57143685
2.595748098
2.62010671
2.644513912
2.668970914
2.693478909
2.718039074
2.742652572
2.767320552
2.792044148
2.816824485
2.841662674
2.866559816
2.891517
2.916535306
2.941615806
2.966759563
2.991967629
3.017241053
3.042580874
3.067988124
3.093463831
3.119009016
3.144624694
3.170311877
3.196071571
3.22190478
3.247812501
3.27379573
3.29985546
3.325992681
3.35220838
3.378503543
3.404879153
3.431336195
3.457875648
3.484498494
3.511205713
3.537998284
3.564877189
3.591843407
3.618897919
3.646041706
3.673275752
3.70060104
3.728018556
3.755529288
3.783134223
3.810834354
3.838630675
3.866524182
3.894515873
3.922606753
3.950797826
3.979090101
4.00748459
4.035982312
4.064584286
4.093291536
4.122105094
4.151025991
4.180055269
4.209193969
4.238443142
4.267803841
4.297277128
4.326864067
4.35656573
4.386383197
4.416317549
4.44636988
4.476541286
4.506832871
4.537245747
4.567781032
4.598439854
4.629223345
4.660132647
4.69116891
4.722333291
4.753626957
4.785051081
4.816606849
4.848295451
4.88011809
4.912075976
4.94417033
4.97640238
5.008773368
5.041284544
5.073937167
5.106732508
5.13967185
5.172756483
5.205987712
5.239366852
5.272895229
5.30657418
5.340405057
5.374389221
5.408528047
5.442822922
5.477275246
5.511886433
5.546657908
5.581591113
5.6166875
5.651948537
5.687375707
5.722970505
5.758734445
5.79466905
5.830775864
5.867056443
5.903512359
5.940145203
5.976956579
6.013948109
6.051121432
6.088478203
6.126020096
6.163748803
6.201666031
6.239773509
6.278072982
6.316566217
6.355254996
6.394141125
6.433226427
6.472512746
6.512001948
6.551695917
6.591596562
6.63170581
6.672025613
6.712557944
6.753304799
6.794268196
6.83545018
6.876852816
6.918478195
6.960328434
7.002405673
7.044712079
7.087249845
7.13002119
7.17302836
7.216273629
7.259759298
7.303487697
7.347461186
7.391682152
7.436153013
7.480876218
7.525854245
7.571089607
7.616584845
7.662342536
7.708365287
7.754655742
7.801216576
7.848050501
7.895160266
7.942548652
7.99021848
8.038172609
8.086413933
8.134945389
8.18376995
8.232890631
8.282310489
8.33203262
8.382060165
8.432396307
8.483044275
8.534007341
8.585288823
8.636892088
8.688820546
8.741077661
8.793666942
8.84659195
8.899856298
8.95346365
9.007417724
9.061722291
9.116381179
9.171398272
9.226777511
9.282522896
9.338638485
9.395128401
9.451996825
9.509248005
9.566886249
9.624915937
9.683341511
9.742167484
9.80139844
9.861039033
9.921093989
9.981568111
10.04246628
10.10379344
10.16555464
10.22775499
10.29039968
10.353494
10.41704333
10.4810531
10.54552888
10.61047629
10.67590107
10.74180905
10.80820616
10.87509841
10.94249194
11.01039297
11.07880785
11.14774303
11.21720506
11.28720062
11.3577365
11.42881961
11.50045698
11.57265577
11.64542326
11.71876688
11.79269417
11.86721281
11.94233065
12.01805564
12.0943959
12.17135972
12.2489555
12.32719183
12.40607746
12.48562128
12.56583239
12.64672004
12.72829366
12.81056285
12.89353743
12.9772274
13.06164293
13.14679444
13.23269251
13.31934797
13.40677185
13.49497541
13.58397013
13.67376775
13.76438023
13.85581978
13.94809889
14.04123028
14.13522696
14.23010221
14.32586962
14.42254303
14.5201366
14.61866483
14.71814249
14.81858471
14.92000695
15.02242501
15.12585506
15.23031362
15.33581761
15.44238433
15.55003147
15.65877716
15.76863993
15.87963877
15.99179311
16.10512286
16.21964839
16.33539059
16.45237085
16.5706111
16.69013379
16.81096197
16.93311925
17.05662985
17.18151859
17.30781096
17.43553311
17.56471186
17.69537475
17.82755005
17.96126678
18.09655478
18.23344467
18.37196792
18.51215688
18.65404479
18.79766585
18.94305521
19.09024904
19.23928454
19.39020002
19.54303488
19.69782973
19.85462636
20.01346783
20.17439851
20.33746414
20.50271188
20.67019034
20.8399497
21.01204169
21.18651975
21.36343903
21.54285648
21.72483096
21.90942327
22.09669626
22.28671494
22.47954655
22.67526065
22.87392926
23.07562694
23.28043094
23.4884213
23.69968097
23.91429601
24.13235565
24.35395254
24.57918284
24.80814645
25.04094717
25.27769289
25.51849585
25.76347282
26.01274536
26.26644006
26.52468885
26.78762925
27.05540472
27.32816495
27.60606626
27.88927198
28.17795281
28.47228732
28.7724624
29.07867376
29.39112648
29.7100356
30.03562678
30.36813693
30.70781501
31.05492278
31.40973573
31.77254394
32.14365318
32.52338597
32.9120828
33.31010348
33.71782851
34.13566075
34.56402704
35.00338015
35.45420085
35.91700018
36.39232195
36.88074553
37.38288895
37.89941223
38.43102124
38.97847183
39.54257457
40.12419997
40.72428434
41.3438364
41.98394468
42.64578593
43.33063458
44.03987353
44.77500641
45.53767159
46.32965831
47.15292512
48.00962129
48.9021116
49.83300518
50.80518934
51.82186924
52.88661479
54.00341641
55.17675159
56.41166489
57.71386478
59.08984162
60.54701255
62.09390083
63.74035987
65.49785591
67.37982822
69.40215386
71.5837547
73.94740191
76.52079899
79.33806585
82.44181377
85.88611306
89.74085008
94.09832134
99.08357562
104.8713405
111.7151974
120.001214
130.3550235
143.8805133
162.7816454
192.42678
