47.7
43.03
36.7
32.03
29.37
26.03
25.03
23.37
21.7
31.37
44.7
49.7
47.7
43.03
36.7
32.03
29.37
26.03
25.03
23.37
21.7
31.37
44.7
49.7
47.7
43.03
36.7
32.03
29.37
26.03
25.03
23.37
21.7
31.37
44.7
49.7
47.7
43.03
36.7
32.03
29.37
26.03
25.03
23.37
21.7
31.37
44.7
49.7
47.7
43.03
36.7
32.03
29.37
26.03
25.03
23.37
21.7
31.37
44.7
49.7
47.7
43.03
36.7
32.03
29.37
26.03
25.03
23.37
21.7
31.37
44.7
49.7
47.7
43.03
36.7
32.03
29.37
26.03
25.03
23.37
21.7
31.37
44.7
49.7
47.7
43.03
36.7
32.03
29.37
26.03
25.03
23.37
21.7
31.37
44.7
49.7
47.7
43.03
36.7
32.03
29.37
26.03
25.03
23.37
21.7
31.37
44.7
49.7
47.7
43.03
36.7
32.03
29.37
26.03
25.03
23.37
21.7
31.37
44.7
49.7
47.7
43.03
36.7
32.03
29.37
26.03
25.03
23.37
21.7
31.37
44.7
49.7
47.7
43.03
36.7
32.03
29.37
26.03
25.03
23.37
21.7
31.37
44.7
49.7
47.7
43.03
36.7
32.03
29.37
26.03
25.03
23.37
21.7
31.37
44.7
49.7
47.7
43.03
36.7
32.03
29.37
26.03
25.03
23.37
21.7
31.37
44.7
49.7
47.7
43.03
36.7
32.03
29.37
26.03
25.03
23.37
21.7
31.37
44.7
49.7
