3.3
3.3
3.3
3.3
3.3
3.3
3.3
4.0
3.7
3.8
3.6
3.3
3.3
3.3
3.3
3.3
3.3
3.3
3.3
4.0
3.7
3.8
3.6
3.3
3.3
3.3
3.3
3.3
3.3
3.3
3.3
4.0
3.7
3.8
3.6
3.3
3.3
3.3
3.3
3.3
3.3
3.3
3.3
4.0
3.7
3.8
3.6
3.3
3.3
3.3
3.3
3.3
3.3
3.3
3.3
4.0
3.7
3.8
3.6
3.3
3.3
3.3
3.3
3.3
3.3
3.3
3.3
4.0
3.7
3.8
3.6
3.3
3.3
3.3
3.3
3.3
3.3
3.3
3.3
4.0
3.7
3.8
3.6
3.3
3.3
3.3
3.3
3.3
3.3
3.3
3.3
4.0
3.7
3.8
3.6
3.3
3.3
3.3
3.3
3.3
3.3
3.3
3.3
4.0
3.7
3.8
3.6
3.3
3.3
3.3
3.3
3.3
3.3
3.3
3.3
4.0
3.7
3.8
3.6
3.3
3.3
3.3
3.3
3.3
3.3
3.3
3.3
4.0
3.7
3.8
3.6
3.3
3.3
3.3
3.3
3.3
3.3
3.3
3.3
4.0
3.7
3.8
3.6
3.3
3.3
3.3
3.3
3.3
3.3
3.3
3.3
4.0
3.7
3.8
3.6
3.3
3.3
3.3
3.3
3.3
3.3
3.3
3.3
4.0
3.7
3.8
3.6
3.3
3.3
3.3
3.3
3.3
3.3
3.3
3.3
4.0
3.7
3.8
3.6
3.3
3.3
3.3
3.3
3.3
3.3
3.3
3.3
4.0
3.7
3.8
3.6
3.3
3.3
3.3
3.3
3.3
3.3
3.3
3.3
4.0
3.7
3.8
3.6
3.3
3.3
3.3
3.3
3.3
3.3
3.3
3.3
4.0
3.7
3.8
3.6
3.3
3.3
3.3
3.3
3.3
3.3
3.3
3.3
4.0
3.7
3.8
3.6
3.3
3.3
3.3
3.3
3.3
3.3
3.3
3.3
4.0
3.7
3.8
3.6
3.3
3.3
3.3
3.3
3.3
3.3
3.3
3.3
4.0
3.7
3.8
3.6
3.3
