43.03
36.70
32.03
29.37
26.03
25.03
23.37
21.70
31.37
44.70
49.70
47.70
43.03
36.70
32.03
29.37
26.03
25.03
23.37
21.70
31.37
44.70
49.70
47.70
43.03
36.70
32.03
29.37
26.03
25.03
23.37
21.70
31.37
44.70
49.70
47.70
43.03
36.70
32.03
29.37
26.03
25.03
23.37
21.70
31.37
44.70
49.70
47.70
43.03
36.70
32.03
29.37
26.03
25.03
23.37
21.70
31.37
44.70
49.70
47.70
43.03
36.70
32.03
29.37
26.03
25.03
23.37
21.70
31.37
44.70
49.70
47.70
43.03
36.70
32.03
29.37
26.03
25.03
23.37
21.70
31.37
44.70
49.70
47.70
43.03
36.70
32.03
29.37
26.03
25.03
23.37
21.70
31.37
44.70
49.70
47.70
43.03
36.70
32.03
29.37
26.03
25.03
23.37
21.70
31.37
44.70
49.70
47.70
43.03
36.70
32.03
29.37
26.03
25.03
23.37
21.70
31.37
44.70
49.70
47.70
43.03
36.70
32.03
29.37
26.03
25.03
23.37
21.70
31.37
44.70
49.70
47.70
43.03
36.70
32.03
29.37
26.03
25.03
23.37
21.70
31.37
44.70
49.70
47.70
43.03
36.70
32.03
29.37
26.03
25.03
23.37
21.70
31.37
44.70
49.70
47.70
43.03
36.70
32.03
29.37
26.03
25.03
23.37
21.70
31.37
44.70
49.70
47.70
43.03
36.70
32.03
29.37
26.03
25.03
23.37
21.70
31.37
44.70
49.70
47.70
43.03
36.70
32.03
29.37
26.03
25.03
23.37
21.70
31.37
44.70
49.70
47.70
43.03
36.70
32.03
29.37
26.03
25.03
23.37
21.70
31.37
44.70
49.70
47.70
43.03
36.70
32.03
29.37
26.03
25.03
23.37
21.70
31.37
44.70
49.70
47.70
43.03
36.70
32.03
29.37
26.03
25.03
23.37
21.70
31.37
44.70
49.70
47.70
43.03
36.70
32.03
29.37
26.03
25.03
23.37
21.70
31.37
44.70
49.70
47.70
43.03
36.70
32.03
29.37
26.03
25.03
23.37
21.70
31.37
44.70
49.70
47.70
