11.193
0.8567
0.4955
0.4951
1.2880
1.2554
6.1477
2.6648
3.8821
5.5657
9.0107
18.1382
8.9828
0.9017
0.4018
1.2530
0.3503
0.4230
0.7072
0.1932
4.6396
10.4029
36.1230
17.0793
0.9946
0.5692
0.4296
1.0224
1.8258
1.0281
0.0671
0.0015
0.7772
10.3848
3.4060
0.0182
0.4089
0.0563
0.1096
0.6405
0.1050
0.1389
2.1873
8.4432
0.3700
5.6410
22.7846
4.5785
1.2340
0.7557
1.0130
0.4546
2.6361
1.9759
7.6978
4.9216
7.2918
26.8903
10.2052
10.8023
1.3820
0.8114
0.6540
0.6018
0.3176
1.1480
1.1416
2.4458
14.6438
16.7844
4.7203
10.4439
0.5541
0.3581
0.4890
0.1471
1.0064
0.4696
2.0246
0.5255
4.3440
22.6125
22.6902
9.4708
2.6419
0.1534
0.0531
0.3743
0.6795
0.0823
2.9843
2.4920
3.8751
27.2407
1.8169
0.2738
0.1303
0.2237
0.4263
0.0910
0.3256
2.5524
0.9495
1.1526
0.6481
10.1265
11.6668
25.0902
1.9600
0.3758
0.2312
0.4870
0.1463
0.9214
0.4169
0.3817
2.7054
11.5899
5.2578
0.3331
0.0262
0.0303
0.2095
0.1020
0.2302
0.8049
0.7061
4.0774
1.2241
19.3730
5.5236
0.9952
0.1713
0.8308
0.5308
0.6926
2.7006
3.2855
2.2318
8.2957
0.8353
13.2036
12.5634
15.2543
0.4805
0.1368
0.0336
0.0050
0.3773
0.2434
0.1268
3.5955
10.8194
42.5582
31.0445
1.7485
0.2210
0.2433
0.1884
0.0486
0.0592
0.3961
3.2477
0.2286
0.4492
9.5850
19.1756
13.2333
1.8255
2.4618
2.6181
1.6794
2.8491
1.7034
1.8806
4.8340
4.9016
8.4950
4.6754
5.7062
1.1390
1.0401
1.4488
0.8345
0.6486
0.8808
1.2945
1.4343
0.8625
0.6931
7.3447
3.4081
3.9239
2.7002
3.2157
1.9472
1.1343
1.0692
3.8492
1.3790
0.9611
4.8084
0.5852
0.2518
0.8189
2.9199
3.1545
0.9693
2.5011
1.8071
4.9815
5.7312
0.8232
9.9565
0.1703
1.1693
1.4439
0.8231
1.5109
0.8496
0.8954
0.7390
1.3341
0.4572
0.3848
6.3284
7.3455
2.6849
0.9929
0.4387
0.6161
2.2065
2.1011
5.1813
6.9550
5.2232
1.5187
16.0777
7.2239
5.5400
5.5497
2.4523
1.3145
0.7755
0.9189
0.9419
1.1097
0.4610
0.3480
2.6742
1.5377
5.4407
