40.37
36.03
31.03
26.37
23.37
21.03
20.37
18.37
14.7
21.7
36.03
41.03
40.37
36.03
31.03
26.37
23.37
21.03
20.37
18.37
14.7
21.7
36.03
41.03
40.37
36.03
31.03
26.37
23.37
21.03
20.37
18.37
14.7
21.7
36.03
41.03
40.37
36.03
31.03
26.37
23.37
21.03
20.37
18.37
14.7
21.7
36.03
41.03
40.37
36.03
31.03
26.37
23.37
21.03
20.37
18.37
14.7
21.7
36.03
41.03
40.37
36.03
31.03
26.37
23.37
21.03
20.37
18.37
14.7
21.7
36.03
41.03
40.37
36.03
31.03
26.37
23.37
21.03
20.37
18.37
14.7
21.7
36.03
41.03
40.37
36.03
31.03
26.37
23.37
21.03
20.37
18.37
14.7
21.7
36.03
41.03
40.37
36.03
31.03
26.37
23.37
21.03
20.37
18.37
14.7
21.7
36.03
41.03
40.37
36.03
31.03
26.37
23.37
21.03
20.37
18.37
14.7
21.7
36.03
41.03
40.37
36.03
31.03
26.37
23.37
21.03
20.37
18.37
14.7
21.7
36.03
41.03
40.37
36.03
31.03
26.37
23.37
21.03
20.37
18.37
14.7
21.7
36.03
41.03
40.37
36.03
31.03
26.37
23.37
21.03
20.37
18.37
14.7
21.7
36.03
41.03
40.37
36.03
31.03
26.37
23.37
21.03
20.37
18.37
14.7
21.7
36.03
41.03
40.37
36.03
31.03
26.37
23.37
21.03
20.37
18.37
14.7
21.7
36.03
41.03
