50.2
45.53
39.2
34.53
31.87
28.53
27.63
25.97
24.9
34.27
47.6
52.5
50.2
45.53
39.2
34.53
31.87
28.53
27.63
25.97
24.9
34.27
47.6
52.5
50.2
45.53
39.2
34.53
31.87
28.53
27.63
25.97
24.9
34.27
47.6
52.5
50.2
45.53
39.2
34.53
31.87
28.53
27.63
25.97
24.9
34.27
47.6
52.5
50.2
45.53
39.2
34.53
31.87
28.53
27.63
25.97
24.9
34.27
47.6
52.5
50.2
45.53
39.2
34.53
31.87
28.53
27.63
25.97
24.9
34.27
47.6
52.5
50.2
45.53
39.2
34.53
31.87
28.53
27.63
25.97
24.9
34.27
47.6
52.5
50.2
45.53
39.2
34.53
31.87
28.53
27.63
25.97
24.9
34.27
47.6
52.5
50.2
45.53
39.2
34.53
31.87
28.53
27.63
25.97
24.9
34.27
47.6
52.5
50.2
45.53
39.2
34.53
31.87
28.53
27.63
25.97
24.9
34.27
47.6
52.5
50.2
45.53
39.2
34.53
31.87
28.53
27.63
25.97
24.9
34.27
47.6
52.5
50.2
45.53
39.2
34.53
31.87
28.53
27.63
25.97
24.9
34.27
47.6
52.5
50.2
45.53
39.2
34.53
31.87
28.53
27.63
25.97
24.9
34.27
47.6
52.5
50.2
45.53
39.2
34.53
31.87
28.53
27.63
25.97
24.9
34.27
47.6
52.5
50.2
45.53
39.2
34.53
31.87
28.53
27.63
25.97
24.9
34.27
47.6
52.5
