39.37
34.37
30.03
25.37
21.37
18.7
17.37
15.03
12.7
18.7
34.03
39.7
39.37
34.37
30.03
25.37
21.37
18.7
17.37
15.03
12.7
18.7
34.03
39.7
39.37
34.37
30.03
25.37
21.37
18.7
17.37
15.03
12.7
18.7
34.03
39.7
39.37
34.37
30.03
25.37
21.37
18.7
17.37
15.03
12.7
18.7
34.03
39.7
39.37
34.37
30.03
25.37
21.37
18.7
17.37
15.03
12.7
18.7
34.03
39.7
39.37
34.37
30.03
25.37
21.37
18.7
17.37
15.03
12.7
18.7
34.03
39.7
39.37
34.37
30.03
25.37
21.37
18.7
17.37
15.03
12.7
18.7
34.03
39.7
39.37
34.37
30.03
25.37
21.37
18.7
17.37
15.03
12.7
18.7
34.03
39.7
39.37
34.37
30.03
25.37
21.37
18.7
17.37
15.03
12.7
18.7
34.03
39.7
39.37
34.37
30.03
25.37
21.37
18.7
17.37
15.03
12.7
18.7
34.03
39.7
39.37
34.37
30.03
25.37
21.37
18.7
17.37
15.03
12.7
18.7
34.03
39.7
39.37
34.37
30.03
25.37
21.37
18.7
17.37
15.03
12.7
18.7
34.03
39.7
39.37
34.37
30.03
25.37
21.37
18.7
17.37
15.03
12.7
18.7
34.03
39.7
39.37
34.37
30.03
25.37
21.37
18.7
17.37
15.03
12.7
18.7
34.03
39.7
39.37
34.37
30.03
25.37
21.37
18.7
17.37
15.03
12.7
18.7
34.03
39.7
