0.9114
0.9116
0.7465
1.0998
1.2880
2.4781
2.8066
3.1574
13.3806
10.7082
7.2219
1.8420
0.9114
0.9116
0.7465
1.0998
1.2880
2.4781
2.8066
3.1574
13.3806
10.7082
7.2219
1.8420
0.9114
0.9116
0.7465
1.0998
1.2880
2.4781
2.8066
3.1574
13.3806
10.7082
7.2219
1.8420
0.9114
0.9116
0.7465
1.0998
1.2880
2.4781
2.8066
3.1574
13.3806
10.7082
7.2219
1.8420
0.9114
0.9116
0.7465
1.0998
1.2880
2.4781
2.8066
3.1574
13.3806
10.7082
7.2219
1.8420
0.9114
0.9116
0.7465
1.0998
1.2880
2.4781
2.8066
3.1574
13.3806
10.7082
7.2219
1.8420
0.9114
0.9116
0.7465
1.0998
1.2880
2.4781
2.8066
3.1574
13.3806
10.7082
7.2219
1.8420
0.9114
0.9116
0.7465
1.0998
1.2880
2.4781
2.8066
3.1574
13.3806
10.7082
7.2219
1.8420
0.9114
0.9116
0.7465
1.0998
1.2880
2.4781
2.8066
3.1574
13.3806
10.7082
7.2219
1.8420
0.9114
0.9116
0.7465
1.0998
1.2880
2.4781
2.8066
3.1574
13.3806
10.7082
7.2219
1.8420
0.9114
0.9116
0.7465
1.0998
1.2880
2.4781
2.8066
3.1574
13.3806
10.7082
7.2219
1.8420
0.9114
0.9116
0.7465
1.0998
1.2880
2.4781
2.8066
3.1574
13.3806
10.7082
7.2219
1.8420
0.9114
0.9116
0.7465
1.0998
1.2880
2.4781
2.8066
3.1574
13.3806
10.7082
7.2219
1.8420
0.9114
0.9116
0.7465
1.0998
1.2880
2.4781
2.8066
3.1574
13.3806
10.7082
7.2219
1.8420
0.9114
0.9116
0.7465
1.0998
1.2880
2.4781
2.8066
3.1574
13.3806
10.7082
7.2219
1.8420
0.9114
0.9116
0.7465
1.0998
1.2880
2.4781
2.8066
3.1574
13.3806
10.7082
7.2219
1.8420
0.9114
0.9116
0.7465
1.0998
1.2880
2.4781
2.8066
3.1574
13.3806
10.7082
7.2219
1.8420
0.9114
0.9116
0.7465
1.0998
1.2880
2.4781
2.8066
3.1574
13.3806
10.7082
7.2219
1.8420
0.9114
0.9116
0.7465
1.0998
1.2880
2.4781
2.8066
3.1574
13.3806
10.7082
7.2219
1.8420
0.9114
0.9116
0.7465
1.0998
1.2880
2.4781
2.8066
3.1574
13.3806
10.7082
7.2219
1.8420
0.9114
0.9116
0.7465
1.0998
1.2880
2.4781
2.8066
3.1574
13.3806
10.7082
7.2219
1.8420
